[gd_scene load_steps=6 format=3 uid="uid://8knuwkhvuhbs"]

[ext_resource type="Script" uid="uid://dao5g7uk5vul2" path="res://Slot.gd" id="1_c24ra"]

[sub_resource type="CylinderMesh" id="CylinderMesh_7dm0k"]
top_radius = 0.4
bottom_radius = 0.4
height = 0.1

[sub_resource type="StandardMaterial3D" id="StandardMaterial3D_7dm0k"]
emission_enabled = true
emission = Color(1, 1, 1, 1)
emission_energy_multiplier = 0.4

[sub_resource type="Animation" id="Animation_f3jfm"]
resource_name = "spin"
length = 5.0
step = 0.1
tracks/0/type = "value"
tracks/0/imported = false
tracks/0/enabled = true
tracks/0/path = NodePath(".:rotation")
tracks/0/interp = 1
tracks/0/loop_wrap = true
tracks/0/keys = {
"times": PackedFloat32Array(0, 0.2, 2.7, 4, 4.4, 5),
"transitions": PackedFloat32Array(1, 0.8196241, 1.2311444, 0.53588676, 1.6817929, 1),
"update": 0,
"values": [Vector3(0, 0, -1.5707964), Vector3(-0.31339133, 0, -1.5707964), Vector3(11.693706, 0, -1.5707964), Vector3(15.707963, 0, -1.5707964), Vector3(16.05703, 0, -1.5707964), Vector3(15.707963, 0, -1.5707964)]
}

[sub_resource type="AnimationLibrary" id="AnimationLibrary_khion"]
_data = {
&"spin": SubResource("Animation_f3jfm")
}

[node name="Slot" type="MeshInstance3D" node_paths=PackedStringArray("facing_top1", "facing_mid1", "facing_bot1", "facing_top2", "facing_mid2", "facing_bot2", "others", "spin_player", "spin_holder")]
transform = Transform3D(-4.3711385e-08, 1, 0, 0.99999994, 4.371139e-08, -2.781418e-07, -2.781418e-07, -1.2157966e-14, -0.99999994, 0, 0, 0)
mesh = SubResource("CylinderMesh_7dm0k")
skeleton = NodePath("../..")
surface_material_override/0 = SubResource("StandardMaterial3D_7dm0k")
script = ExtResource("1_c24ra")
facing_top1 = NodePath("KeepSpin/Label3D12")
facing_mid1 = NodePath("KeepSpin/Label3D")
facing_bot1 = NodePath("KeepSpin/Label3D5")
facing_top2 = NodePath("KeepSpin/Label3D11")
facing_mid2 = NodePath("KeepSpin/Label3D2")
facing_bot2 = NodePath("KeepSpin/Label3D6")
others = [NodePath("KeepSpin/Label3D3"), NodePath("KeepSpin/Label3D4"), NodePath("KeepSpin/Label3D7"), NodePath("KeepSpin/Label3D8"), NodePath("KeepSpin/Label3D9"), NodePath("KeepSpin/Label3D10")]
spin_player = NodePath("SpinPlayer")
spin_holder = NodePath("KeepSpin")

[node name="KeepSpin" type="Node3D" parent="."]
transform = Transform3D(0.99999994, 3.3816391e-21, 0, -3.5527103e-15, 1, 8.4703295e-22, 0, -8.4703295e-22, 0.99999994, 0, 0, 0)

[node name="Label3D" type="Label3D" parent="KeepSpin"]
transform = Transform3D(-4.3711392e-08, -1, -2.842171e-14, 1, -4.3711392e-08, -1.6940659e-21, 7.059078e-22, -2.842171e-14, 1, -1.4210855e-14, -8.4703295e-22, 0.40274993)
pixel_size = 0.003
modulate = Color(1, 0.53, 0.53, 1)
text = "W"

[node name="Label3D2" type="Label3D" parent="KeepSpin"]
transform = Transform3D(-4.3711392e-08, 1, -8.7422734e-08, 1, 4.3711392e-08, -3.821369e-15, 7.059078e-22, -8.7422734e-08, -1, 1.4210855e-14, 1.2705494e-21, -0.40300003)
pixel_size = 0.003
modulate = Color(1, 0.3529412, 1, 1)
text = "W"

[node name="Label3D3" type="Label3D" parent="KeepSpin"]
transform = Transform3D(-4.371139e-08, 4.3711353e-08, 1, 1, -1.6420301e-15, 4.3711392e-08, 5.647826e-22, 1, -4.3711353e-08, 0.40287504, 1.7748376e-15, -0.00012506917)
pixel_size = 0.003
modulate = Color(1, 0.3529412, 1, 1)
text = "W"

[node name="Label3D4" type="Label3D" parent="KeepSpin"]
transform = Transform3D(-4.371139e-08, -1.3113413e-07, -1, 1, -2.1793404e-15, -4.3711392e-08, 5.647826e-22, -1, 1.3113413e-07, -0.40287498, -1.1920929e-07, -0.00012503192)
pixel_size = 0.003
modulate = Color(1, 0.3529412, 1, 1)
text = "W"

[node name="Label3D5" type="Label3D" parent="KeepSpin"]
transform = Transform3D(-4.3711392e-08, -0.8660255, 0.50000006, 1, -3.785517e-08, 2.1855696e-08, 7.059078e-22, 0.50000006, 0.8660255, 0.20143767, 6.8767937e-16, 0.34877488)
pixel_size = 0.003
modulate = Color(1, 0.3529412, 1, 1)
text = "W"

[node name="Label3D6" type="Label3D" parent="KeepSpin"]
transform = Transform3D(-4.371139e-08, 0.8660254, -0.5000001, 1, 3.785517e-08, -2.18557e-08, -8.881779e-16, -0.5000001, -0.8660254, -0.20143749, 1.974582e-16, -0.34902498)
pixel_size = 0.003
modulate = Color(1, 0.3529412, 1, 1)
text = "W"

[node name="Label3D7" type="Label3D" parent="KeepSpin"]
transform = Transform3D(-4.371139e-08, 0.50000006, 0.8660254, 1, 2.1855692e-08, 3.7855173e-08, -8.5791393e-16, 0.8660254, -0.50000006, 0.3489002, 1.1021243e-15, -0.2015626)
pixel_size = 0.003
modulate = Color(1, 0.3529412, 1, 1)
text = "W"

[node name="Label3D8" type="Label3D" parent="KeepSpin"]
transform = Transform3D(-4.371139e-08, -0.5000001, -0.8660253, 1, -2.1855698e-08, -3.785517e-08, -8.5791393e-16, -0.8660253, 0.5000001, -0.34889984, -2.3841858e-07, 0.20131247)
pixel_size = 0.003
modulate = Color(1, 0.3529412, 1, 1)
text = "W"

[node name="Label3D9" type="Label3D" parent="KeepSpin"]
transform = Transform3D(-4.3711392e-08, -0.5, 0.8660255, 1, -2.185569e-08, 3.7855177e-08, 7.059078e-22, 0.8660255, 0.5, 0.3489002, 6.7119357e-16, 0.20131244)
pixel_size = 0.003
modulate = Color(1, 0.3529412, 1, 1)
text = "W"

[node name="Label3D10" type="Label3D" parent="KeepSpin"]
transform = Transform3D(-4.371139e-08, 0.49999994, -0.8660255, 1, 2.1855689e-08, -3.7855177e-08, -4.3218984e-15, -0.8660255, -0.49999994, -0.34889984, -6.7423357e-16, -0.20156248)
pixel_size = 0.003
modulate = Color(1, 0.3529412, 1, 1)
text = "W"

[node name="Label3D11" type="Label3D" parent="KeepSpin"]
transform = Transform3D(-4.371139e-08, 0.8660254, 0.5, 1, 3.7855173e-08, 2.1855694e-08, -2.519332e-15, 0.5, -0.8660254, 0.20143773, 1.085637e-15, -0.34902507)
pixel_size = 0.003
modulate = Color(1, 0.3529412, 1, 1)
text = "W"

[node name="Label3D12" type="Label3D" parent="KeepSpin"]
transform = Transform3D(-4.3711395e-08, -0.8660255, -0.49999988, 1, -3.7855173e-08, -2.1855689e-08, -2.5193318e-15, -0.49999988, 0.8660255, -0.20143737, -2.3841858e-07, 0.3487749)
pixel_size = 0.003
modulate = Color(1, 0.3529412, 1, 1)
text = "W"

[node name="SpinPlayer" type="AnimationPlayer" parent="."]
libraries = {
&"": SubResource("AnimationLibrary_khion")
}

[connection signal="animation_finished" from="SpinPlayer" to="." method="_on_spin_player_animation_finished"]
